
HEDERA_NETWORK=testnet
HEDERA_OPERATOR_ID=
HEDERA_OPERATOR_KEY=


EVM_PRIVATE_KEY=edb234f24....


CREATION_FEE=0


HEDERA_RESOLVER_ADDRESS=0xDfA982cB1A5bDa0ad62dFfd416bABBfab02D6ba8


TOKEN_A_ID=0.0.6534710
TOKEN_A_ADDRESS=0x0000000000000000000000000000000000123456
TOKEN_B_ID=0.0.6534747  
TOKEN_B_ADDRESS=0x000000000000000000000000000000000063b65b